Results for precipitation_land-wtd:
MAE: 0.0164609168712267
RMSE: 0.04286614625852652
SMAPE: 20.563922861935335%
R^2: 0.9636414863443409
missing_rate: 0.0%
