Results for humidity_land-wtd:
MAE: 0.00023422192145570994
RMSE: 0.0004908794452417481
SMAPE: 1.5344068145678094%
R^2: 0.9696013941650292
missing_rate: 0.0%
