Results for air-density_land-wtd:
MAE: 0.0008680059977972669
RMSE: 0.0013547371312897679
SMAPE: 0.07681316159198441%
R^2: 0.9921261481269312
missing_rate: 0.0%
