Results for air-density_land-wtd:
MAE: 0.000635409064571915
RMSE: 0.0010073945165572035
SMAPE: 0.05621516406496271%
R^2: 0.9956465569281263
missing_rate: 0.0%
