Results for cloud-cover_land-wtd:
MAE: 0.024640721131943617
RMSE: 0.03949276558655765
SMAPE: 4.735204495592787%
R^2: 0.9621926570114744
missing_rate: 0.0%
