Results for air-density_pop-wtd:
MAE: 0.0004363696676175944
RMSE: 0.0007679560653303775
SMAPE: 0.03809225250090782%
R^2: 0.9970758725693257
missing_rate: 0.0%
