Results for wind-speed_pop-wtd:
MAE: 0.09444144120235837
RMSE: 0.14273681819808895
SMAPE: 5.334461201981567%
R^2: 0.9609103251346781
missing_rate: 0.0%
