Results for cloud-cover_pop-wtd:
MAE: 0.03141485875031514
RMSE: 0.05190780725374605
SMAPE: 5.917087018703709%
R^2: 0.9331475536484934
missing_rate: 0.0%
