Results for wind-speed_land-wtd:
MAE: 0.040417727061633386
RMSE: 0.07056053269803263
SMAPE: 2.931123695676163%
R^2: 0.9859729822107304
missing_rate: 0.0%
