Results for cloud-cover_land-wtd:
MAE: 0.0106821601539176
RMSE: 0.015363371542911008
SMAPE: 2.065969381382592%
R^2: 0.9942783358113735
missing_rate: 0.0%
