Results for irradiance-surface_pop-wtd:
MAE: 10.76592122796772
RMSE: 24.586428474128994
SMAPE: 91.97943298969062%
R^2: 0.9914261931231171
missing_rate: 0.00022558087074216106%
