Results for precipitation_pop-wtd:
MAE: 0.04961344196600364
RMSE: 0.1092777910551478
SMAPE: 41.835247186516305%
R^2: 0.7941650634467949
missing_rate: 0.0%
