Results for wind-speed_pop-wtd:
MAE: 0.060241743514894176
RMSE: 0.10017443122970708
SMAPE: 3.4571118919770494%
R^2: 0.9807465448908076
missing_rate: 0.0%
