Results for temperature_land-wtd:
MAE: 0.1239345080919461
RMSE: 0.22257305904810787
SMAPE: 0.4810364422686911%
R^2: 0.9967524252282117
missing_rate: 0.0%
