Results for precipitation_land-wtd:
MAE: 0.031307392221647225
RMSE: 0.06954028361593576
SMAPE: 30.71432568824126%
R^2: 0.9043145915773698
missing_rate: 0.0%
