Results for temperature_land-wtd:
MAE: 0.08375329396934918
RMSE: 0.15033080641282606
SMAPE: 0.32756227294842283%
R^2: 0.9985185749204563
missing_rate: 0.0%
