Results for irradiance-toa_land-wtd:
MAE: 0.031013022996589333
RMSE: 0.1802248837082512
SMAPE: 86.1238035603965%
R^2: 0.9999998620761913
missing_rate: 2.6538925969666007e-05%
