Results for precipitation_pop-wtd:
MAE: 0.03565345063227313
RMSE: 0.08417294124421439
SMAPE: 32.0785938966202%
R^2: 0.8778745359351476
missing_rate: 0.0%
