Results for temperature_pop-wtd:
MAE: 0.19679544857419626
RMSE: 0.3256490441709913
SMAPE: 0.7275711416076277%
R^2: 0.9918882923616246
missing_rate: 0.0%
