Results for cloud-cover_pop-wtd:
MAE: 0.046503533657992875
RMSE: 0.076190210056398
SMAPE: 8.689590985708797%
R^2: 0.8559724516622925
missing_rate: 0.0%
