Results for precipitation_pop-wtd:
MAE: 0.018570729118290986
RMSE: 0.05116924992864822
SMAPE: 21.245421027839832%
R^2: 0.9548680718954332
missing_rate: 0.0%
