Results for wind-speed_pop-wtd:
MAE: 0.1309680524409177
RMSE: 0.19319826404011847
SMAPE: 7.356231796884645%
R^2: 0.9283865333222746
missing_rate: 0.0%
