Results for temperature_land-wtd:
MAE: 0.17817065552016983
RMSE: 0.3144430567139384
SMAPE: 0.6862945448734019%
R^2: 0.9935177301751505
missing_rate: 1.3269462984833004e-05%
