Results for temperature_pop-wtd:
MAE: 0.13819763455984152
RMSE: 0.23138188055637818
SMAPE: 0.5149121371620118%
R^2: 0.99590509687659
missing_rate: 0.0%
