Results for wind-speed_land-wtd:
MAE: 0.08575844800360931
RMSE: 0.13058267070156965
SMAPE: 5.9792758375478865%
R^2: 0.9519593606793295
missing_rate: 0.0%
