Results for cloud-cover_land-wtd:
MAE: 0.03801644086463821
RMSE: 0.061203993019745204
SMAPE: 7.232022946273195%
R^2: 0.9091984996465761
missing_rate: 0.0%
