Results for air-density_pop-wtd:
MAE: 0.000692457395096621
RMSE: 0.0011453257301848236
SMAPE: 0.06049515944929326%
R^2: 0.9934951602071356
missing_rate: 0.0%
