Results for humidity_land-wtd:
MAE: 0.0001694575659466058
RMSE: 0.00041773168560593315
SMAPE: 1.0936593307945088%
R^2: 0.9779868732036217
missing_rate: 0.0%
