Results for humidity_land-wtd:
MAE: 0.00026704263478457034
RMSE: 0.0005292395285468121
SMAPE: 1.7698772634131374%
R^2: 0.964663544672622
missing_rate: 0.0%
