Results for cloud-cover_pop-wtd:
MAE: 0.014290890997147216
RMSE: 0.02181685649280145
SMAPE: 2.699658851164933%
R^2: 0.9881902231657674
missing_rate: 0.0%
