Results for humidity_pop-wtd:
MAE: 0.00017944669276189217
RMSE: 0.0004280672350837802
SMAPE: 1.1062231078516882%
R^2: 0.9736001408271642
missing_rate: 0.0%
