Results for irradiance-toa_pop-wtd:
MAE: 0.04060759258522068
RMSE: 2.6129871501294777
SMAPE: 86.81588077711018%
R^2: 0.9999712391528937
missing_rate: 0.0%
