Results for temperature_pop-wtd:
MAE: 0.09190612353214357
RMSE: 0.1523412287273058
SMAPE: 0.3443544938133196%
R^2: 0.9982250409179986
missing_rate: 0.0%
