Results for irradiance-toa_land-wtd:
MAE: 0.5027561998275057
RMSE: 3.3103031633609716
SMAPE: 86.41146276642552%
R^2: 0.9999534672269458
missing_rate: 0.0%
