Results for wind-speed_land-wtd:
MAE: 0.061892113282822236
RMSE: 0.09743960175177205
SMAPE: 4.349916849669136%
R^2: 0.9732509090945755
missing_rate: 0.0%
