Results for air-density_land-wtd:
MAE: 0.0004050421283088958
RMSE: 0.0006972379662137496
SMAPE: 0.03582144666617407%
R^2: 0.9979148030721711
missing_rate: 0.0%
