Results for air-density_pop-wtd:
MAE: 0.0009481907087220173
RMSE: 0.0015375563611458461
SMAPE: 0.08286807566582184%
R^2: 0.988275661536589
missing_rate: 0.0%
