Results for irradiance-toa_pop-wtd:
MAE: 0.04288889744032038
RMSE: 2.8561666348702213
SMAPE: 86.80468127649162%
R^2: 0.9999656370379509
missing_rate: 0.0%
