Results for humidity_pop-wtd:
MAE: 0.00025643441299665184
RMSE: 0.0005153457610189588
SMAPE: 1.59892367204929%
R^2: 0.9617351309244168
missing_rate: 0.0%
