Results for humidity_pop-wtd:
MAE: 0.000294560847122517
RMSE: 0.0005582198967839023
SMAPE: 1.8510610064094768%
R^2: 0.9551009820406066
missing_rate: 0.0%
