Results for irradiance-surface_land-wtd:
MAE: 8.926994490226521
RMSE: 20.340087100212724
SMAPE: 90.96755091703886%
R^2: 0.9942613538302775
missing_rate: 5.3077851939332015e-05%
